0,1
0.1347643027378798,0.11128971953037367
0.10509403157341639,0.1465789529880613
0.12044185552179566,0.14800306508801161
0.14277077910746305,0.08268869670644048
0.11663022940852902,0.11810792192498039
0.09662194366911941,0.12512742475773386
0.05016454223564925,0.11177329938767236
0.10799529143404166,0.06851081023848472
0.16465072006219217,0.12030890527913325
0.10154512694255563,0.050009773111463984
0.12756872539205613,0.18295678065555188
0.17273585928921487,0.17305552827803344
0.09222965820575338,0.15179811757554987
0.14100840685472577,0.13671644606854771
0.1101661639236737,0.16634048238736793
0.09630482179265303,0.12036165605960589
0.1430529358766816,0.0837265801363575
0.13920960971378107,0.07105952952202506
0.10044071915465602,0.14346211795168592
0.1442874419860037,0.11991281975815496
0.18845078813058508,0.09672093006402543
0.13968945152395856,0.12864696813577706
0.12022876033764142,0.08727788051336882
0.1402430737083067,0.1413816959470918
0.1428076608901631,0.11849188167122579
0.10709397987385981,0.08760216176306909
0.08681632967747245,0.09365992498154642
0.14565159549714046,0.07386582696379095
0.15927853211346313,0.09597434233259043
0.2054349713898303,0.09239679709169522
0.09688101059909822,0.14329502664541946
0.0530418949895213,0.15994049824127773
0.09742492232362862,0.1545932132017371
0.14083487070417056,0.133006773925351
0.15614648736983733,0.11511867475034736
0.12023758398622582,0.1871284890221818
0.09253092684433488,0.1405820506155096
0.08298041809763146,0.12130825956998714
0.17347031782189373,0.16352690915032267
0.156851226582893,0.190606757016954
0.14504859879474888,0.13829027274045916
0.18435618582028596,0.1446844348282702
0.1171337672957754,0.13008894672887877
0.09623348284622786,0.13691314107422037
0.196951422826156,0.06297639289222845
0.04620068501487122,0.07182047469481595
0.0976928387352244,0.13382425994039382
0.11941948624394531,0.13754865760161464
0.10677019975444994,0.135890052529706
0.16192471877540632,0.11810090686393994
0.15608748947779244,0.11151287030102991
0.16243153175197833,0.1237158438408525
0.08529779616833161,0.14838606353722295
0.09362591408782493,0.12178139784033211
0.08053244461128993,0.14555109379787845
0.19225116162681624,0.1424939493761843
0.13421423793706025,0.1493122477282956
0.15365898194640396,0.09118124035995154
0.13631326468225885,0.10977535184321711
0.18306287594156836,0.15674910370966225
0.20997117016665057,0.1161484304678529
0.11864757480414007,0.09654976484346138
0.11428824949192425,0.1275498668155773
0.1396765217268401,0.10644509878378211
0.17531136726588414,0.12623497144299495
0.09031199659882821,0.17873615939303628
0.10913325405184185,0.14001400677797646
0.0721365988187542,0.18594750872833923
0.0709285381371502,0.15014439724853135
0.02555583132869172,0.09607471192866013
0.07278114644090052,0.09456884361223385
0.09215193813677937,0.09961862662421182
0.15178184703379194,0.09238138527745188
0.13853604735999506,0.11628500351947886
0.09432497389235395,0.09165121764415271
0.08631046942124372,0.09539182655151136
0.12835515146047172,0.16739394682534384
0.15663054408094948,0.12345466827443881
0.11917140553122833,0.14779455167055588
0.162606965009059,0.08966957376295881
0.10166505998420898,0.052048673674828204
0.1418816781703856,0.1297554354743332
0.13133271811052574,0.08395077952340532
0.14003714157106623,0.15907050924609506
0.13316034274793048,0.09159390508630244
0.21079714646184852,0.10274852191577286
0.08751254491533123,0.08446895040011555
0.10972184341637854,0.08378287915176462
0.13673608650247113,0.14180531038655242
0.043635198099368305,0.13423638258983803
0.1561993574228854,0.15469338709974279
0.13083275793361487,0.136598334730004
0.16795359048906272,0.09023917317781514
0.08459535257642756,0.1395287976811733
0.09378316073763988,0.13150423735388067
0.1714060762882304,0.10012492532076292
0.1293733238239502,0.1692376171354769
0.12816857253066455,0.11593766189835923
0.13928711998223708,0.0
0.07749021652652668,0.127437420779166
0.11611500781290414,0.09989259036659309
0.14396960526904684,0.15266262932270358
0.14021888424363935,0.11395513866732847
0.0943558892653138,0.11014199998888696
0.12093705335132345,0.10741616052181435
0.14145673085066457,0.14574135469623314
0.1012751166682832,0.053151136957170664
0.13848090300843918,0.10990695026432958
0.1331597435826501,0.09988436685597883
0.13151795945320127,0.11018607852778863
0.15313934128747964,0.0959960494423374
0.13188892710551434,0.1259321964582044
0.1488988144805183,0.15690113488891977
0.13594574783093277,0.1570345635368233
0.14588635282676995,0.13267104363711812
0.1184791275024779,0.07942623737122118
0.08468416907947164,0.09211158019633832
0.16569325545264676,0.046245431793433725
0.11046022262352945,0.087425626994014
0.1712802443558066,0.10142562526635837
0.13063861255407458,0.08873912081110155
0.10860952874217088,0.15748717184365565
0.13272037801667572,0.15343574332970675
0.1285997457293883,0.16791981414752874
0.1691004104564442,0.06178314466124524
0.17924046778547414,0.11129683670155421
0.1287116928475203,0.10415724482112741
0.159528066214429,0.11590324326791807
0.07456496802690955,0.07716387394290318
0.20328579715998568,0.14755415424669605
0.1019293714042421,0.07294321690110216
0.10117953265059061,0.166722424601243
0.1075518366927447,0.1076121440347614
0.09678952627051002,0.10725461669546854
0.16438886962801982,0.07688047141430818
0.07622032044432331,0.136279368868354
0.1637326124386927,0.10138853085517267
0.12491596606418112,0.08410812472828377
0.14566906846549377,0.11419641243840364
0.15840282378865547,0.11701282253523121
0.04502985731030986,0.08527016800116773
0.17630950070658302,0.13604103575314525
0.1369208136795609,0.09698538473844386
0.14058405393966994,0.11895559296234294
0.09852422650406935,0.1036582772489713
0.12406989459451931,0.08543453436475419
0.0810970130601563,0.04019727307257521
0.1487927763480991,0.13490464707748245
0.13847895787674067,0.11888803910651734
0.1484995262408691,0.09424595310565641
0.13188365085896353,0.0778336057456237
0.11582005240319074,0.10864478050664494
0.14376277181338146,0.1438233285932974
0.1064536423545754,0.17369988783936294
0.13383161094206258,0.15601006058295722
0.09943959767910275,0.15347027127013285
0.13589421517179526,0.15605763166008663
0.13150537388630956,0.15759047028944637
0.08286098756531171,0.11348557932812317
0.12058696267122423,0.16736249184952334
0.13960250154547582,0.055178124238563026
0.1243921348301665,0.13910287716917175
0.16934087364805947,0.12731324167184727
0.046277303098823365,0.08670792324945525
0.057548645559799744,0.10630733446697996
0.15271089310725,0.14423101615555003
0.1294802769027458,0.11225667132133053
0.12410972937430341,0.09789282839500561
0.08238082498965207,0.0930779635477486
0.11306401349337497,0.07192816087605365
0.14513278187765952,0.18942013670852195
0.17034518073637317,0.19626291642715893
0.15741637289623178,0.13849880365024336
0.17418525981343486,0.12332603427663545
0.15288448462541343,0.22421065583062397
0.08205008851797685,0.12322270322181512
0.17324820037301775,0.12103299061041504
0.10325088737959076,0.09579968949023598
0.13566249885917803,0.17704378396586729
0.14154745675489017,0.08533024924589848
0.0971497399518269,0.09478067415526563
0.10085773175462234,0.14931559317467658
0.08299092563054755,0.11361298814292492
0.09445173100914435,0.10309920521110287
0.15548433286977625,0.13301666761876366
0.07625491316224493,0.13052873862637213
0.09104423931956454,0.09044628375555483
0.10781251972266269,0.112406913246099
0.12841769544460938,0.08620353128712369
0.08264402901692183,0.130836554701945
0.13420559106992605,0.13684276144092952
0.13484920429651304,0.11490569954764568
0.08194728424770617,0.07989411741238438
0.0868511340774186,0.09050164099846475
0.15358532692306795,0.09545285768791806
0.15176325478071243,0.22395888667523467
0.10410120211761689,0.08259701478597269
0.08477992280903528,0.10131836688117532
0.16692309151485107,0.08556062144291879
0.13653642829433016,0.10134822800340372
0.09772015272341278,0.11095442409681372
0.07908129923446891,0.08158657623098345
0.13373916839306427,0.11078544182688342
0.1298328189595523,0.08944776717988775
0.10366784879212865,0.028930219262048376
0.10242217743496852,0.10077870962742608
0.12847209433957646,0.10820927567811427
0.1133027556852968,0.11329719626450993
0.0959727168162639,0.14623203024949738
0.173180514439906,0.12164649832650058
0.083011899845281,0.12358261353598603
0.15085691102513982,0.0674364953888719
0.11900232399568614,0.06893410498683436
0.14598770003723902,0.04105938297689849
0.08312544517852494,0.08492643258406038
0.13367494019647988,0.09466027254132954
0.05380746356043592,0.07158947400448415
0.057690096832329014,0.19149862670993972
0.12937440130086647,0.14245726880138013
0.13359102589386587,0.17698314454736624
0.13787156143472515,0.09078972507867682
0.11972119910593315,0.1490093321662957
0.17150892183162603,0.09834505478735284
0.1227016426823201,0.15760412553231593
0.15364368067747408,0.0639035492125558
0.15859249225492186,0.12203392677015086
0.15124808180410693,0.14813336363915253
0.1532709214354408,0.11615274113729565
0.14334761031562424,0.11564797829295369
0.13191937822694963,0.16118361309457824
0.12092625443944326,0.10483734202853494
0.0,0.12721019633076175
0.13810911892424116,0.04893294117747045
0.06793799322197405,0.16709515111081474
0.19080963006527693,0.04314618514958007
0.10484836272720302,0.11112436970260708
0.1006471686799901,0.09939396424721286
0.10525910696839451,0.05746790916991675
0.12696918509245295,0.08919905801583387
0.11108600926209869,0.17100064835018386
0.1303422129226688,0.172880576870839
0.07743158476158367,0.14537419178486294
0.1727786609668649,0.0864679638527374
0.08261186096251825,0.09924471668180655
0.14568593808364497,0.16711483082327352
0.12025012801206003,0.12764565250874746
0.12677840241297736,0.11709228512137464
0.14804677414948222,0.07361708210042059
0.1371138147316145,0.11575315469877974
0.09959051087323147,0.1481439593015829
0.10897606941799431,0.11994528035921062
0.08511979979834812,0.15262145048320624
0.14050836445260168,0.14944807111090427
0.09629694972104734,0.08746071150770138
0.19816453120301009,0.10378027749817072
0.10534083606789568,0.14018313949289748
0.14534520770793602,0.1452552231205139
0.13392902482067603,0.17682330294658452
0.1070123312220983,0.08766387132491399
0.10706610207514818,0.15540786974762705
0.17308858703143798,0.1457508362201089
0.15700887844684577,0.12235720426863213
0.08379809620934232,0.1348574960152595
0.14186807756509803,0.12262094741582837
0.19464318945973585,0.10812248758189559
0.12973536369000438,0.10469127506007224
0.15399991648605188,0.1109755005070123
0.15217389911226714,0.1268907913727458
0.11637369864848084,0.11173962576528679
0.16587826040962853,0.1548476695286073
0.10150444424086409,0.08569310126145085
0.1181912225333829,0.13303517624483022
0.1989537395156801,0.12914976227934022
0.11737962402508714,0.09912313191916995
0.1650723459778022,0.08862308364016173
0.13194482530533364,0.16288503598685755
0.13054782237800117,0.0976810690758782
0.15270829532973118,0.09978885662130693
0.12627924735969873,0.13105726051062255
0.0954635285408988,0.14033872557444171
0.07495894684424748,0.10960666540021642
0.05928278819449185,0.18951761200591982
0.08151320995450044,0.14331028771315027
0.1454381255874713,0.11739266345293642
0.1359537293064534,0.1290545070576014
0.07953612256344492,0.13286542142686153
0.1508413330699563,0.14157563184700053
0.1199281853124724,0.1090980465742733
0.08840356399662332,0.08010677390967523
0.12349420024030848,0.08596926612796689
0.09606622074511562,0.10292118698274268
0.10805517343509856,0.13005332656647806
0.11105219806801706,0.19083589594874825
0.1504623107263191,0.14566460185410793
0.11960689417067483,0.12046064021306165
0.1632912675891299,0.13097088874254914
0.08625775720464036,0.11178980769506106
0.06775295784875777,0.11333516378042549
0.12563551751469243,0.15356135221425743
0.13468299766292624,0.12698879339674501
0.16729876948480393,0.0679568564227037
0.10977695493700966,0.11127698376853497
0.13946841962599876,0.1598845168943588
0.2033445685045104,0.12809180067288678
0.10899484577657413,0.13272089037355603
0.14504428122678564,0.10201358847965052
0.17088638174251194,0.14698627174562923
0.1607538030365981,0.05285069654965002
0.09352943051869893,0.09415809087976625
0.13837937862333702,0.11607534113334718
0.08534253849438421,0.14632502591236768
0.06213007257470708,0.08613408261510638
0.14111790856481463,0.11657052908935736
0.06341991493819611,0.08480025794477294
0.1454564905354679,0.12225021450782143
0.11217503816966364,0.12673613677133294
0.15253606075887488,0.11234378772454795
0.10240540044630993,0.08876088079779393
0.17586896830503487,0.1796849614227603
0.12752212226130372,0.13419200528369912
0.1297605696872809,0.11417423394911647
0.11375907977110425,0.13888635314349168
0.18984589611046074,0.0938741543780888
0.11301069943278273,0.1662507114153871
0.16127444956603706,0.16367597901341982
0.15618988579284895,0.06293190658530137
0.1269547964950957,0.14228308829466815
0.11314816267014774,0.09475462551091601
0.15346988831167724,0.1270860990607522
0.10399701402036379,0.12424414928280238
0.15058141362521674,0.11953609025967334
0.08150139589148753,0.174028232432579
0.11873316007651445,0.117496825639726
0.14159958660785266,0.16588884745472307
0.1796730946967214,0.1435817735120841
0.12711119527399545,0.1626862869156553
0.07813782993335897,0.16972661284415627
0.06622672429259016,0.10380596727679045
0.1576890545740884,0.09266275952092434
0.1008262346539588,0.0883095292671045
0.14867977725862036,0.1038039084405026
0.17069708707416492,0.1622713545628974
0.1295255189893247,0.11006422694723358
0.0981953532342046,0.11321625697906457
0.126082402039233,0.08599662288881023
0.08384303038692069,0.1424291976353573
0.06314363325967395,0.12115026545770335
0.14662015551990884,0.09636141539985682
0.04353350455474053,0.12673620265684452
0.11242557617443534,0.06595558933025086
0.12744070023537196,0.1341333848225249
0.14319274665523316,0.12216781987666342
0.12108255481777012,0.0814771562506042
0.10100306774934228,0.18524108505305098
0.15376431108988792,0.0942441431762948
0.15788089118326493,0.09624320164070414
0.13137905552364806,0.15684918547704144
0.1479155103031929,0.07793433202415385
0.14381827053327645,0.09407527490027552
0.12762811577451405,0.09400776151769648
0.1276762377344661,0.13710425062459408
0.1555580997449577,0.11913925264548372
0.18051827518176722,0.06587114821046856
0.11737976780471203,0.09172302366773094
0.09597750824836494,0.07860304983923645
0.195987605873943,0.13309163883792208
0.16377093397215042,0.10495623545863227
0.14904207167995284,0.0896226390204582
0.16728157723687842,0.09667893123479786
0.17878190936752897,0.12521970937816218
0.16611603562326277,0.1328409166036644
0.1366570660214464,0.16785136623746
0.1810571981482146,0.06157341986754451
0.14739568926907595,0.06978356965018014
0.1758227239846365,0.15463141230987865
0.1562034071444163,0.08691379690515524
0.150483560539952,0.13315279134803468
0.1475417220107199,0.10491703897343238
0.16612459895657888,0.09355021774618438
0.1708406939545157,0.08420787515311567
0.11210520734871116,0.1319623431811118
0.14299046979610444,0.02586515727032653
0.15728882946244258,0.07758434985717227
0.08890529761346597,0.12904525570290187
0.09746468139947934,0.10023692480202422
0.12968676237190307,0.12816206972197763
0.15032077355006593,0.15782132463958043
0.21194354897336273,0.10727024549836801
0.1223661237860076,0.14173077553674754
0.11785986715576488,0.11918064934949944
0.17542073158202195,0.17521278018682357
0.09216498139608045,0.08909285751459288
0.13726226760202134,0.12008330715954277
0.1415042974975935,0.1412020338950658
0.1251667372360622,0.13235506528578203
0.11471156777896135,0.06814872997428652
0.10627694862295357,0.10131981225386329
0.07850226415644358,0.12832868568670974
0.08959994701512254,0.14602500121623496
0.10367244577812645,0.1369100363269452
0.1324459252747458,0.1773670915125891
0.10906306355563243,0.09234391621551204
0.19388400154299634,0.1295378145842611
0.08512894570467708,0.12696946339583598
0.21107829603427378,0.10299608283850546
0.13784594441250317,0.12809027346407165
0.14851571679005768,0.12232556042806705
0.1329680132520627,0.06552150909322953
0.13570412323857467,0.1750711446861351
0.12698830522670865,0.10599248613654833
0.1264915408282005,0.11212171963119354
0.14482835573778668,0.12322311240906413
0.18090504135798258,0.12499336405475867
0.09916383652965477,0.10330708961744782
0.11285240651974172,0.12935354438979296
0.07044639931077261,0.16249811758007923
0.11851595523324139,0.14108140587745616
0.11509586439939196,0.11416425827725106
0.09835910428784006,0.08476031709581519
0.10974572515556612,0.13566309652993433
0.11118436423151462,0.12244048854062857
0.09970041513920669,0.1187936002255354
0.1685959954299284,0.08372009326108346
0.09941826672918753,0.1846573359982543
0.12204024163098487,0.13172545513071843
0.10421802477474448,0.10618468288931682
0.16918990984748256,0.1101991157829863
0.19899068337369857,0.1581658153189658
0.1348341542858045,0.08164340547350127
0.14240175138933764,0.08918407825413635
0.12377150719712776,0.12293754323059654
0.14360173388975375,0.10784072879663126
0.17757908784687912,0.07348872949267467
0.16066477562418646,0.17870761354097928
0.129024198590564,0.09917515100510889
0.07229253647673292,0.05754503384334383
0.12586827736759268,0.14398206691568166
0.09158535472574258,0.19360446093449615
0.14995931413812658,0.10603466404438122
0.11318262446027189,0.1584279657584122
0.1455470409858159,0.13316398113890793
0.15503873391409262,0.10856647169098807
0.10230374846026757,0.07614432715690553
0.13271711366592073,0.1196599567272433
0.11324349840440638,0.07956444873910754
0.16769071505205518,0.17455634429031155
0.15213983761933692,0.142274541585156
0.1219798617636774,0.06602170776440026
0.08727110030261317,0.16521874831298428
0.08866616307519888,0.1481561937111523
0.08032131028404901,0.12828149866590186
0.11777153369086883,0.12259031552630857
0.09595565836993404,0.06749798668348977
0.03541504773754353,0.17904596674682527
0.1665756672006786,0.12563076385890823
0.0842697479225836,0.09932039526240126
0.12426858638807937,0.11526194595756538
0.11989042139933723,0.12471665469246995
0.09951476912267346,0.07983674098987166
0.07109338595269586,0.09588446731249262
0.1339151867022399,0.10894639162326746
0.12041869082773506,0.12179919929074345
0.12547196206805586,0.1574403362868469
0.12509400960249883,0.14011769476140593
0.06721700341187786,0.13462166967269024
0.14548642499747844,0.12526942046870462
0.13207736670752845,0.028381779628046524
0.14723347949258378,0.10566093912571314
0.1088925968189062,0.15199938215913236
0.10589522147133955,0.09825719060155204
0.14683653200941657,0.07369519296984142
0.10500871828513311,0.12791015004289674
0.1738717312126035,0.10459930097569177
0.16939265046465063,0.12499409850980871
0.14132046859648356,0.09146478655195969
0.12702577631216325,0.09052193498890082
0.1293978444063761,0.1294490772508338
0.1261688808769774,0.06733765736880414
0.1383182642223674,0.13500123984134732
0.18195468736173764,0.07499943465185717
0.11868630061249111,0.16581872769409955
0.16138083863004477,0.09670841220375768
0.10123786538468921,0.13323896269324148
0.14087615798769967,0.09520567212880408
0.12368892476211872,0.07600439944474427
0.13591037125650324,0.11167718740510403
0.12593194897180976,0.09686296356872647
0.17709365796004178,0.11935465751871266
0.13020008512335676,0.1372167060001153
0.15564835267750765,0.1710867737242874
0.15877561613920088,0.14634707771496472
0.09286067728120403,0.08487426360623987
0.13089462703002344,0.09470729773812166
0.11445677619802998,0.15666135999851624
0.18932021666342055,0.17538536885254477
0.14036391794535089,0.11003089666963192
0.13653987429159545,0.12424043476265234
0.10783583120600625,0.05295731417144823
0.18540462156644533,0.10068173592535061
0.12207692399345099,0.09565142030196194
0.25448698709701784,0.1980779969369423
0.27345837147481183,0.20089827920606435
0.2122072996400814,0.21359825512862038
0.17843201344129442,0.20886351175509676
0.29215790427560395,0.2106669540232388
0.2358206185081688,0.28685892542397773
0.26440882714045855,0.23248711980214032
0.2326077278796842,0.2838576767080743
0.18921880649883915,0.2427319443506247
0.23423449082830472,0.22186599795274686
0.21692691999733876,0.1803131905360766
0.23481592020832917,0.21180444679452645
0.2815942668650697,0.2628059407530498
0.2541794175737465,0.2555046866740163
0.23741153929145944,0.2384867589839714
0.1656013414603719,0.2471882164379125
0.30762771006947104,0.22360477093515974
0.27336626442887146,0.22301810418095946
0.28489986313245336,0.23183462999872687
0.24442106597357036,0.22089095975678477
0.2912908002094384,0.20153572454963992
0.2477245176221333,0.24809582929253682
0.2965983808934495,0.30580820942521003
0.2502335800930824,0.20285182677572824
0.2199577507688615,0.24528066208578583
0.2575624044050741,0.2456507233637292
0.26898544157087423,0.2592610260725763
0.22539038350631924,0.20797951993798827
0.2632613849461676,0.18905787829384077
0.26470274670690164,0.2664479636062868
0.20152460838812414,0.22091017058309984
0.2754889981499605,0.21419164453276895
0.30963005257913084,0.2434180845565763
0.22515234242252255,0.1871001609680674
0.296340078287112,0.18116298936529734
0.2044977369911835,0.2622791395770325
0.2558181245038139,0.27359301967084604
0.30164739059853934,0.26383771938143524
0.2668435891226046,0.22971160948932437
0.2975875515260985,0.28798962603444306
0.23834977346578795,0.2854032518537825
0.2764543387202517,0.18186259754571643
0.25130714755168726,0.2095282016458629
0.2598487993862693,0.20457896609573997
0.23757334066927693,0.28841080529705754
0.24926060617787144,0.24552967815593033
0.24479692155390922,0.1938302427420231
0.2089505671596553,0.25581169392584074
0.2490247287332191,0.26513761115485446
0.22711208021560644,0.1755139976064621
0.3006432801061285,0.18939375764679367
0.26167861452386865,0.20382983858155052
0.2840508308542673,0.20628876584125486
0.28437161359594204,0.2025326202087823
0.2324025591753834,0.1826669556086911
0.3027894090912747,0.22317682299288122
0.2968993931366096,0.26608283193461163
0.296738618149018,0.1307165868601966
0.28494490228753294,0.19257292851492586
0.22354332342688693,0.282157117423572
0.18431457048655137,0.24530354935363785
0.25257089488702517,0.1812570220074687
0.19763865563896074,0.21970320019021
0.24100422957640047,0.1899016259571495
0.22009663815524583,0.19786031216495287
0.28245631206325944,0.2334147849992144
0.27712346851310915,0.23302130486960554
0.21336395109162679,0.23588166325429766
0.257258849913645,0.2889961295687391
0.2675540442988327,0.22300477406966374
0.2442539368848133,0.20874463886293085
0.28876282563865296,0.21194449663096637
0.22829548233462166,0.2488051839564638
0.24701228492676391,0.23767925806780482
0.224752285679599,0.19717732033475938
0.25731843909440016,0.2317774573864741
0.23191928607442083,0.19463808932280965
0.28766171333897633,0.24168869989343933
0.2272420269502072,0.21343997456918756
0.26898378396181016,0.21590680506907076
0.18110823157822176,0.2242423817873668
0.2685556224008963,0.23700124766132274
0.2519433395030371,0.2405785526454991
0.2127142658547515,0.20347993570276962
0.24721666186887614,0.2968264751561417
0.24425358891503415,0.20331843941018202
0.2204512540943812,0.20082571311827005
0.24368271874789443,0.2641779553315995
0.22264602331442557,0.2549375728982569
0.23376393771531714,0.22440350060788566
0.21092499985880309,0.20846061062278923
0.31432538061903503,0.18666225931515545
0.1975686816950034,0.17892448310211362
0.17710361701130484,0.1659880085040627
0.23999695299274262,0.1860546162945707
0.22984696182059977,0.24050253070040745
0.24876832097277038,0.23088871650900875
0.25926228919691885,0.22300364979793524
0.19783415784892988,0.22952409312799882
0.2664104250597564,0.26171024781144697
0.3254045288033206,0.2499951484750831
0.278897652970779,0.18348044556469956
0.2232032752590076,0.1894221095930018
0.23085941088420678,0.27614214438353923
0.22664411946471597,0.2618022284011649
0.24260417175440066,0.19162085717381055
0.25672883713336564,0.22550845379685908
0.24487755248596468,0.21624488406972436
0.2775888509175035,0.18020079863149832
0.3270516889423239,0.2348887247156219
0.27622850751472877,0.17540820311644473
0.21713627918067904,0.2890358262941342
0.26102975590815636,0.17900925629531975
0.2765621921377273,0.24155787034463494
0.2546255539687726,0.2220549444567124
0.27341386755292374,0.15374052441525973
0.21227563681348813,0.22089062345527014
0.2305964622040777,0.2030590540253133
0.2713876540263848,0.19268156885703805
0.24333996420905651,0.26260994177416375
0.2267510196264264,0.18626234411668194
0.1960992255642871,0.251660427309661
0.23922146074221703,0.26892176263486917
0.24982054416458346,0.24864665058354624
0.19031642316601807,0.25931096467947073
0.23438712601595862,0.2261657309254991
0.23554544078750025,0.24426873745483735
0.20887514272099772,0.2642661716392552
0.22029416173592745,0.20466650594571278
0.25617013605220446,0.20341416392699027
0.2879840309967287,0.18249580797427833
0.2829794822823697,0.2511918744812674
0.3013224867323131,0.1516260167991914
0.2612477719560455,0.2190639168219883
0.2182596575151485,0.20302189916387073
0.23967987591141512,0.19802071018124703
0.26884755920544423,0.2262012412141824
0.2600191286279565,0.24392168205177003
0.30037682935446325,0.18498274077038376
0.30100665236642904,0.20417866503655435
0.25046938294907417,0.19497204009797
0.24574784073866401,0.24259505727729508
0.21772617133291242,0.20083361489940213
0.23122569131469614,0.14660524390503388
0.2076460150627677,0.22786851790127477
0.2491236768959916,0.24504001487761723
0.2742453571717649,0.264699311056287
0.2570013854181884,0.2448840382503659
0.19409260937062925,0.23922125527013086
0.2904013562192571,0.22505343564845756
0.27406451814281524,0.22046617096559673
0.23611731194566862,0.1860589959547324
0.26858638071744095,0.23401234758513872
0.23795434534797594,0.24053059009039576
0.3110299689940377,0.21588527058563634
0.1653560282606427,0.22120009033332855
0.2662969780909285,0.2900768268056717
0.21058927924052712,0.3044874435797842
0.2885701452135366,0.2685813013598735
0.2550711359735078,0.24390835605367198
0.22074398628199268,0.19973198433033293
0.21593517460279438,0.27858713101162175
0.25412555748514504,0.2080005120410561
0.2511825197806435,0.20114903124348563
0.22564360758886182,0.2955362278546867
0.30790536987995804,0.2122103602966046
0.19345343451385263,0.21870400604482343
0.2065391703753095,0.26951510344707996
0.18573605986372216,0.20204343109804443
0.2850451313834317,0.17016055611482508
0.2901616533369776,0.20298669434902705
0.2020113379918576,0.251671111349891
0.2776414798856737,0.22411279375780432
0.27887566177513545,0.2559138767755201
0.24811174329054325,0.22470930741527073
0.27806415038247406,0.2701398741665674
0.22360088417811796,0.24001183549415772
0.18378452554074876,0.19768452599414632
0.2924787723646917,0.2608856406171294
0.29540917730228566,0.20794706001410562
0.3051665762284805,0.25067401106558207
0.23067560173566357,0.2076895611264507
0.20467626692487736,0.2381986380842172
0.21329652211492947,0.22574849121415558
0.2295277954920288,0.22869083395538464
0.25611228271987035,0.19616423937700778
0.2001709647931391,0.2414945916280106
0.25527372319238156,0.2597639271427545
0.2787773812457371,0.27247286328542897
0.252928904737114,0.17933792237502574
0.2742490899738213,0.17886861464579307
0.22534793682978205,0.2139838485473079
0.23011799599001032,0.18514845736019295
0.28598782441735227,0.2945204001271495
0.2507303477704108,0.25636617490058194
0.29280519255408594,0.22688019735375625
0.21441372360479702,0.1882024409669324
0.32892965437888905,0.2337428411189499
0.29168750260410725,0.21903800963073716
0.25919021451886787,0.18191991659141973
0.18955543553616075,0.26152419894699025
0.24299584311558395,0.24281443568928945
0.27011062167151895,0.26467415901847846
0.31757232110748346,0.16813227136022593
0.28317023535580504,0.23184282595377667
0.197724313033289,0.2170538374765345
0.26716451910008354,0.21743267891479884
0.3143167611034445,0.22536953758739292
0.23664776087371647,0.2592708473097192
0.22688900433613146,0.276864695322857
0.28968425673204723,0.24006148898443344
0.22428011592293937,0.23242516317601405
0.2487817280462865,0.21445126127998854
0.30560035166518057,0.22756633161767456
0.27281728349614437,0.264579628259685
0.2340459499263804,0.27221466996740706
0.20852461946425305,0.1990672167586068
0.20634974284385904,0.17354796277443518
0.27011959077174386,0.20405008445606043
0.30979670681907584,0.14111604019249463
0.2170623762993281,0.2903338456997003
0.24005237862373333,0.1614974635785568
0.21992214041705815,0.2138477782262709
0.2568878068274562,0.2277852068215307
0.3153967093647745,0.3166754459442977
0.21471449821057903,0.2383988618815198
0.224938676738979,0.2542677647171057
0.22211581646344164,0.2442423395212523
0.22586457780001917,0.14212570854768933
0.2480968051298041,0.24736985186080554
0.3074161581784605,0.24435249458802918
0.2417965966572123,0.2518175289307089
0.24158092481795307,0.26446461109623376
0.23946356354719453,0.2654081775208256
0.2594372286146746,0.20116505203188415
0.3054869837549008,0.21597163078138595
0.3128076063906728,0.1843243034618395
0.3120478726806079,0.2830036405662941
0.2500318741310574,0.24234164941929776
0.2879655234138186,0.24019948416157955
0.2290945979616236,0.24794786218862302
0.25451171785487287,0.19885115380530877
0.22027174572522032,0.2959972298943979
0.24600921697697517,0.23248649394652643
0.19209948606984564,0.26413848024335956
0.26716445329830607,0.2243990328590367
0.23107409572864665,0.24554290475630572
0.24229639400845465,0.17217235649571583
0.29502853528831907,0.2596336856991797
0.21256914268280147,0.2299767892958191
0.24006654546798917,0.21810638453248507
0.2674919198694327,0.21297189899545063
0.2546277526733235,0.2653598763375684
0.2962879837711965,0.2321580441968148
0.2613523684428873,0.2473241030298494
0.24157131676214819,0.226797179656497
0.22261427272657092,0.2693593831385636
0.25353512023565444,0.22350735968500446
0.2795323731852997,0.2856773048555893
0.28778971173004464,0.19197972757724155
0.29251502814849306,0.19706482550119928
0.26166112055992075,0.21661677086927422
0.165306131414768,0.24627626134545133
0.22449088058500796,0.24863089933408736
0.14980284384328502,0.21482591848405067
0.2313482209263702,0.24876972383131074
0.24818030035584274,0.24992690141924798
0.22657849679659017,0.19058280037390246
0.21382267551012993,0.2347626490136265
0.27689197852902875,0.1788967627435603
0.22182914630838318,0.24295674714762333
0.20492214262654118,0.2235322660211857
0.2181277879607464,0.22437316078092948
0.23131986164780918,0.28948659391603077
0.24034570850465148,0.27282949291030295
0.3127505079432378,0.24467206702971797
0.29972275835277706,0.2912419364999573
0.2856361770927813,0.23914786060991136
0.3016335800236329,0.21705399900649583
0.19690534742766083,0.23625569162440788
0.26378946561313166,0.22335330914742715
0.2507462751583675,0.19688770445909462
0.24270429320287684,0.21802841842402654
0.17491833016318858,0.197774631050402
0.2913635062345854,0.24590953412553546
0.24736016121079077,0.23179395923950957
0.23960468362482082,0.21327570274122384
0.24294966555153666,0.26918233519479423
0.17695310922061144,0.2303270826461996
0.29052465662182003,0.24545143653133322
0.22675740197490668,0.2275338709725118
0.20657492529219368,0.2386030938728876
0.24192956653523226,0.23226588945398066
0.310691408621418,0.21744549926027407
0.2753616001896823,0.21664020639949363
0.272741154630644,0.2689426921332863
0.3184762515500804,0.2796119378083365
0.18804902953982286,0.1915020836470887
0.2803665192071185,0.2294701461211001
0.24717790516534016,0.24623656833320468
0.2847209115468498,0.20728610868394046
0.23793448267257566,0.24233146942191228
0.2870652810786488,0.18012952742546565
0.2450603030044737,0.2076302375094261
0.24542791439434797,0.28260215696286567
0.2844121682415421,0.17208635817857756
0.22760441076535987,0.21437375437921266
0.21917265093021104,0.23853753203723968
0.23721984737491364,0.2468918254424949
0.26077607844155065,0.24786425721239974
0.23393570135913128,0.21048236356381916
0.2317725488068323,0.20643238647510376
0.26393006897757854,0.19341352975997878
0.2754827263881307,0.2524851184660863
0.2769898698926078,0.20421070343789094
0.2663605957338562,0.22898366231036113
0.21839143550204093,0.19938576845527128
0.2463741735934191,0.2588851804723253
0.24564062685710114,0.1648331786419539
0.22203787318996382,0.20460404429187928
0.2449337344779058,0.1944069602058677
0.29536656693600705,0.2554993432652615
0.2636466039611119,0.23779488083041334
0.266213758475688,0.2703080616925234
0.21682649175516233,0.24315974777564828
0.26582003265926235,0.23808498472605102
0.229503800482687,0.2551362943199986
0.24730124755167138,0.19210975189636817
0.27827480401941357,0.23640205968836495
0.22258597119649193,0.24578046983778962
0.33825819658842804,0.2445287998676294
0.24017642203799142,0.21740108012874831
0.21625893868665527,0.18881689312795177
0.2952434442045193,0.21850280102037806
0.2897252782154323,0.19182294931837832
0.21446563265267943,0.2512471216901058
0.24251633069169184,0.2322260167743986
0.28499540556447245,0.28051104561968637
0.2617768277419617,0.17509120932854882
0.24850535279145847,0.18748111548461632
0.2709631841723629,0.2593663616715143
0.28655696196770586,0.17475042982278516
0.28413793060360903,0.1941401169439811
0.23042866888952812,0.2370064828789425
0.2497107819096574,0.2187805482930383
0.1754430015378622,0.25431419194477994
0.21493316818261282,0.1819576538823345
0.19167299153034484,0.20209306833394153
0.2452119494323487,0.24169464213204842
0.2505446032309168,0.15913155149288594
0.24212955071315553,0.2802591859899849
0.2470177661373886,0.21757608999079767
0.27264420356947194,0.2495700991807788
0.22098480745865262,0.2227662892120546
0.24863877605406606,0.26641675659593445
0.26064002804504804,0.27655334337555476
0.20052593116032238,0.19651420241777795
0.24566413143222054,0.23653075918997193
0.28645131932451606,0.24402649880510613
0.25429850462997816,0.23121878931364004
0.22367936556891457,0.20105649957183816
0.26378403762588315,0.2174477922129057
0.27109295055063387,0.25766981935569516
0.29273087348561483,0.1600145771243287
0.2717065391695688,0.25553135654546444
0.23205262095554646,0.19188705889676455
0.2698073037795599,0.2494898488041947
0.2535387149690735,0.2583944903224831
0.28573010813462746,0.2735927146176512
0.29240926177487214,0.23180284780241234
0.24620001475959208,0.2804691962451029
0.26537623788568365,0.2430535124605409
0.22463412132529006,0.17834415666605352
0.20078761737992443,0.24384550587311848
0.27043887081818485,0.22054324844255144
0.30739713804250046,0.26184651936027553
0.26388782070628986,0.2051854519688858
0.1910779177613792,0.19542607550349378
0.26419675637203244,0.20410406955582255
0.20836474813196643,0.2207149809306726
0.15124252094298174,0.299408412839186
0.26246294611190674,0.24219528070117818
0.2715908740885707,0.23011465550714968
0.29422252717453357,0.17115171157622583
0.29074790294981673,0.18989041613867305
0.2734198747067809,0.271215388674949
0.2570522386126192,0.2213531012776891
0.23252207621766563,0.22457479622734652
0.3275619433628992,0.1890796432302613
0.22252565609952205,0.2040544966823404
0.20180858309437216,0.2555787737445399
0.2737355672394221,0.23524024285277795
0.2547459236519501,0.2159608326266883
0.2646331566618018,0.3008373758109752
0.22284228877999032,0.21881432259229633
0.22333997294173152,0.21407803491886362
0.26312189208028414,0.27133235422027335
0.23805477637056652,0.23752697032367606
0.2635457759735826,0.24227241598507804
0.2663672472522022,0.2367474297158493
0.23136310158011472,0.24527478372352737
0.29582760858563883,0.2017191162983501
0.23363883720708653,0.23526882472529184
0.22075557800243692,0.2161580944777271
0.23643967411333908,0.1856983292872922
0.17822344544842192,0.26529475810431824
0.23606130161685307,0.22767304163053795
0.24782570110384955,0.25724526135308073
0.247544270836227,0.1935779967691544
0.30476912149724805,0.26772605496587404
0.19312458748528388,0.28032374855325354
0.25686041116661557,0.1845085582243198
0.2261450161890531,0.1889977948720308
0.22203196918842344,0.23127744231304184
0.255788928304075,0.2293036439399231
0.2569351163184208,0.21074507484910912
0.21751323099669648,0.1783343523776832
0.23695479681148582,0.2657604062787102
0.2901152443032428,0.23219379225715278
0.2598103139018239,0.18388567223227859
0.21284172116012334,0.23418334518597095
0.2271677306080631,0.2380777604303681
0.28137443623983743,0.2498005949811429
0.29605502638448006,0.24132859159901254
0.2762403221609407,0.19733071997573498
0.21554911237633706,0.21894861144778593
0.3167639931415681,0.18743622690224798
0.2983219248181429,0.2553621122812297
0.27771483161458066,0.19044504546576305
0.25110398145075064,0.21927945075359123
0.21069874112263567,0.19602931695928094
0.24604392041813727,0.1779119057607483
0.26360441592108025,0.21007814083803192
0.21749479581709702,0.18783630375713678
0.2962874781769553,0.163797321560782
0.22708238295221006,0.263418723289772
0.25440036831845875,0.2610310399605675
0.23720086009685826,0.2035526648800152
0.17143141986514826,0.20722079358463844
0.2293289635211879,0.21413733167356372
0.2778731428494313,0.24486442378214276
0.22613330591610464,0.29588696312040835
0.28501256496401883,0.23964695323244528
0.2567720818288887,0.20687076152524062
0.22394023002441268,0.26516531739472726
0.2145943892282629,0.2609971916514827
0.20528243138000712,0.2340716668930873
0.21824551683142968,0.23590398117130876
0.278494203324096,0.24788594680554027
0.18535121962905604,0.20648140675184826
0.259675312726718,0.19897809678552836
0.23761640830894676,0.22813228546937167
0.2755810765414127,0.1860473568477814
0.24607005257362466,0.27269950170248325
0.2376187926192947,0.3170840428352541
0.2588394371991827,0.26938936148198644
0.24152145349551382,0.26430135710001007
0.23075562713631198,0.18476913236610948
0.27041486497832246,0.1971508978351975
0.26452038024188085,0.2068974052507186
0.22361030871071844,0.18599895973053998
0.20338854476783622,0.24188147799201484
0.265067170311045,0.25389514416321435
0.2403907904766095,0.23237839803031882
0.3027064586463348,0.3000127380560767
0.25031254263626257,0.25050643141271145
0.2930012332437894,0.2212660351611536
0.2278746995572196,0.2505634342973678
0.2918417794666189,0.2573996373005548
0.29010072400516546,0.20698574646800072
0.29946031672331475,0.20176387913351118
0.2576987264203058,0.24464922635737985
0.20785003370148725,0.20347133740264112
0.26562796148332996,0.22342472167601793
0.22930568930925452,0.259800428942415
0.233999717626319,0.23268964175713083
0.24992129479489256,0.24481836471507393
0.3045562957739553,0.24569694927356825
0.24325494097604153,0.2628708512614083
0.2349233499398603,0.23779744352813065
0.20982446466951563,0.20192589222759255
0.2895549138974411,0.12270508226385896
0.22040154674062906,0.17499707061963043
0.21710690121344056,0.26323628189277576
0.24881194411028906,0.23987860163313543
0.2579223306455295,0.18222119724600824
0.2631608168619984,0.26443822295716624
0.19174657767317888,0.25548854579829683
0.251086266444372,0.22017684695261178
0.22757360496256387,0.26940518202242597
0.28394952234568976,0.24163596280330385
0.22721902624687923,0.27153795017771043
0.2424554546666555,0.24619318243546137
0.2410028573840776,0.21467395601745975
0.2644895329694056,0.19768673292656047
0.23722644609461524,0.23038580715665222
0.19427679947783622,0.22532047389104293
0.22717208330902186,0.2500390357268373
0.24131645224121717,0.22933175659296554
0.2583982514329144,0.1962775725623138
0.44011477526423914,0.6127543148000573
0.6429226013434226,0.48352937727733486
0.7644740894098819,0.5807098245068015
0.6859388241480862,0.4184586555479722
0.4220845933439444,0.5239329356304828
0.7214543540589836,0.2999602008379278
0.6848435399754326,0.3988479811899503
0.7368138558285062,0.3901329068094919
0.6199271534232239,0.6068469954274619
0.3912724194649816,0.3539911191851738
0.8104484460847966,0.5273176184834644
0.538741662130349,0.5180943365555648
0.7681073896270195,0.6974142206146096
0.6437595111711856,0.4998609418359651
0.45422104043787837,0.698767722324252
0.9461455445802782,0.41960575790281374
0.4745240461200802,0.6539355306201696
0.8025793646230222,0.40545773902786625
0.7608698074368416,0.7224332980966462
0.4264799715628966,0.47256106442939516
0.5936605886998135,0.42820063894310256
0.48978939348458794,0.3810547617245859
0.7009621777862551,0.5850238842827088
0.6357717844568576,0.5534759332307212
0.48623269517016354,0.4398674046177272
0.6072246744709312,0.678560470909547
0.4262465381128265,0.3702606446479342
0.3322400673538777,0.7970856205965551
0.9025320507803727,0.46886186491035536
0.39756982956485354,0.4217235010070301
0.7872646783108856,0.5926502695173856
0.6835749477485209,0.6492132746052368
0.4522942834433053,0.6399031919206647
0.3582191920827323,0.34970458023854245
0.2694374149138315,0.5394258040182511
0.8395023906746583,0.7085247846106452
0.7477760205465419,0.5459871468677409
0.637872594592341,0.6035872087734563
0.5544074126796568,0.736490593989881
0.6288068127525254,0.4669253646739828
0.586108906999715,0.4613475283962893
0.630251359885269,0.3717329863296079
0.6577129273025808,0.6322104010638291
0.6300381508158802,0.5201365944082924
0.7142995463993145,0.6083349567660428
0.2535777577591536,0.7132355928578051
0.5696355211240234,0.7780238236928037
0.49319084907802335,0.42727371833759925
0.6183992349141736,0.6013761678274256
0.5505831247930163,0.42559103148718785
0.4811320639016482,0.48645553916670353
0.5472447857132389,0.4596836398596865
0.5184078812066869,0.42523874658704963
0.5997424168293818,0.6260179649041189
0.4125032659104864,0.8483287532566123
0.44718958155766786,0.6143834719310355
0.5989932417584691,0.3501896978791242
0.3119690330350759,0.46997429657283735
0.7121343806669777,0.5791963418030717
0.5988908867737494,0.8246065763479132
0.6547947562784778,0.5079880328530478
0.41888479603573386,0.566015692660916
0.5768140059664135,0.3822667266358743
0.49598370332747066,0.6964630389255104
0.75313450038024,0.46795716177088303
0.5956746399384036,0.49706580051730376
0.87089917130989,0.6353585850583177
0.734144020253783,1.0
0.8789916974088938,0.5614862844666455
0.6219496392939907,0.7019154535296296
0.4076265529952257,0.3735075640148408
0.4558553167762664,0.504346659528829
0.6874259470880976,0.7512834437189645
0.33565824682526285,0.5772834155921124
0.569123337645188,0.6165186170505909
0.39328328131745993,0.5411426506287283
0.672740484929952,0.45394767229031835
0.46000910959534397,0.5030807607435293
0.5353745501191751,0.4213330970710428
0.3963829425890388,0.4220764753956113
0.6151895710529048,0.6598131436177258
0.7020918742238794,0.6358240178628123
0.4645645699838778,0.6811223469480054
0.44736383338573626,0.6024306057374976
0.7297802101503895,0.4299983492479167
0.7081137198773567,0.5090550813628317
0.6557112447328723,0.4271045711781524
0.514617029282615,0.593114252635483
0.5373567732027993,0.4882921704508248
0.44267628599733705,0.6142557913697992
0.7021313672907344,0.5000996987654766
0.5218624996679375,0.670802396885132
0.37726487526867564,0.6999878434662491
0.5845458523103245,0.30441842061831254
0.1899707451067945,0.3059479656290439
0.6441438484636776,0.5091903492824252
0.772238704915799,0.7581918309109605
0.55229707971984,0.371915810053709
0.8569396883016982,0.7102807793108622
0.7937445339784712,0.48755745108330967
0.42548359785395246,0.5006500314269935
0.6206959945949981,0.7375295766292214
0.5984562172916874,0.7288277098600212
0.6781089854836309,0.593007601327399
0.5868350384719994,0.5166507726384486
0.8638798044093048,0.32751409440035295
0.6435396739552646,0.5555212936254187
0.5170591768316809,0.6784451765616295
0.8128285287853092,0.6686930516816121
0.5689551138681728,0.3629703909499981
0.7018088698037633,0.6920509825086472
0.45351388687076105,0.6172899527673122
0.7543003582092059,0.36341617567020157
0.764613852838407,0.40970322695711736
0.5638301017169649,0.7953579434515518
0.5457813884096243,0.4332655853255227
0.5302280659086658,0.7069019376444579
0.5093238906393326,0.5335499420295555
0.7052237193477913,0.7236372047361278
0.7284330008159345,0.5495719180931778
0.760613519651029,0.7143827223704273
0.4236102044522627,0.5168642654115694
0.6089523158183012,0.5667559742155948
0.5599448613183936,0.3820995906542647
0.6662448512823093,0.42541363372442703
0.878186152948705,0.7102177591385732
0.6073822540077021,0.6169158222036705
0.7437036706150921,0.7303458460483974
0.7102883144475226,0.5787133647541189
0.5149415964845724,0.5237426644025656
0.7246582552695947,0.31860655432898305
0.6153766951468645,0.4734295304211539
0.4710843328970407,0.3617861262777502
0.37628218132604,0.721083538622663
0.5519972377134607,0.5136798976924689
0.4117185051055861,0.6735668907108676
0.8915672751181741,0.428013157386639
0.7534719737150446,0.7588088077606119
0.4962568141852405,0.7147333841923518
0.5382801215931036,0.42783049484098307
0.3717691710936419,0.740113971768929
0.4096790264944366,0.5092001907329573
0.3347871227329287,0.570208879679245
0.6483776819285123,0.6244987399712235
0.5162073816503566,0.4365249000793295
0.41002222851177567,0.27442130138802867
0.7967619840665381,0.4689053845876177
0.6361379621313886,0.5626254287636825
0.6290670832381698,0.6174561780719364
0.5588996540934109,0.7005523737379307
0.3676867749619069,0.5837600068287216
0.6438545281394393,0.30703726097589773
0.6154526699564327,0.6605829584843605
0.5215282718784999,0.5556687862833127
0.5473409632219944,0.5595651534420584
0.33594445898835257,0.678597290326093
0.3563111702041101,0.4714936268314883
0.5152714631809835,0.7029278519719505
0.41949576189917404,0.4395307743143492
0.661141502138021,0.44268180531549123
0.9603512482867724,0.25746726654082264
0.6228291617899843,0.42748922449654525
0.6240768696165802,0.5911929392280356
0.6621075659004161,0.39554876040381737
0.5918008252510875,0.7259761682767221
0.6753756033531713,0.37960248133856955
0.8345700524661771,0.4292753745759283
0.8362969629257953,0.44743599658040517
0.5133783002843099,0.42946879982109615
0.6099139791586493,0.6569596437504663
0.44084607897303946,0.5378402718870154
0.6985039992873084,0.5526090312619154
0.5669491022668722,0.5257838786134833
0.47357187793277816,0.6753598021752231
0.3781928783156559,0.7010612558699206
0.5326051486590628,0.4645868905499756
0.6288304482158451,0.5303084727923227
0.6276337048490871,0.6028590414576506
0.8566213647464348,0.7904520954497628
0.5597016041391285,0.4439185746546049
0.6923232566008749,0.5365928640641924
0.626576963939858,0.36530703754245736
0.6002657589504324,0.45169716036984014
0.3246365557770527,0.3334234691264307
0.6994022451755079,0.4777029342236729
0.631388822715698,0.40654600429823234
0.6640433805410173,0.6275962208201321
0.5626934422973054,0.8944196076669488
0.7590085199336811,0.49953790139636917
0.6604969045975039,0.5617308042772247
0.3921400970933462,0.5416386095436635
0.6864783587619568,0.5836529478728208
0.3867782981535347,0.4410075230562589
0.4549795120368012,0.481517324334283
0.4944010783931369,0.6273307334479152
0.6742176831031154,0.2926600782788903
0.10316462700873769,0.27223710156577563
0.48362563108903056,0.5147308591943193
0.6666222266743688,0.49774939281003455
0.6803555043535325,0.27416443055348766
0.5491546161356065,0.6077731418205573
0.5415920890346428,0.6807302048665841
0.4406928838946933,0.6537646095918194
0.6063571243993221,0.4984664128127495
0.4550379978812646,0.6829738263121096
0.3576799623858847,0.4922170707465624
0.47061911536650886,0.5170899355495798
0.6843135670165846,0.6786383449753403
0.6257204696593357,0.6809532157937349
0.7849179187833416,0.4840251396367574
0.5364414935647502,0.6110075319880047
0.5403245916215447,0.6938039471312732
0.42595732834354216,0.598286110276262
0.5242208597988294,0.740576857207448
0.49121178833140844,0.40588423769861015
0.31609781357794875,0.5021909334474901
0.6211415641847734,0.5033607147249862
0.5355475390449496,0.6423721271483382
0.5798842852352772,0.6595298635722681
0.49911308503372986,0.6810930861653175
0.6900679781335451,0.4086719943236472
0.23836238501844162,0.4573879077888921
0.6644598983041188,0.4441260631245536
0.5196133549095553,0.7395263302742958
0.4969908318001845,0.5041422526077161
0.5231365453343033,0.32214495289456546
0.34836988528106844,0.5628471983930875
0.6151077496924823,0.6209451832226891
0.519028399956353,0.39102663316336816
0.5028326252763257,0.4136169114051117
0.8740204026831082,0.47092477979173275
0.5482237963364349,0.3365850126772427
0.5521689497771951,0.35918095443139636
0.8668879806341442,0.6436448855991317
0.4996772949214769,0.5062096631026678
0.660764854119708,0.5315827299090194
0.7493384436008997,0.384825707938977
0.7791792568569338,0.5373814663467491
0.4160071366206422,0.5475276870141503
0.3835407738902976,0.35741458940931536
0.5269101629009357,0.5890616549969568
0.6102558976989292,0.3163488491811691
0.4476535504137942,0.5740311819423779
0.5300458581052873,0.37559670941663825
0.6167142796143387,0.5783139484724655
0.4270700374418033,0.563107544811113
0.6183649565347598,0.5101730138760507
0.6994431709425035,0.6611044897270124
0.8077897759942124,0.5344360117363501
0.4103744006018338,0.6458927596608589
0.4726863762214242,0.5304923417517388
0.3616745141716491,0.5264894653634046
0.6683038637091119,0.6199350859427734
0.6701445551739541,0.6439267034997845
0.5770869233258037,0.7250388061004452
0.6154263728962318,0.6392068397817432
0.6575283679924434,0.3382248942153193
0.6004713003927152,0.435356530186959
0.6298598150529982,0.7322038861926797
0.7073570344324199,0.4942994691712294
0.6461889832020089,0.6893780970983059
0.7395129110616894,0.807752469702162
0.41786427396177367,0.440676004292983
0.8340885511691257,0.46283688744136203
0.47928021963535067,0.5694049013288304
0.42068738376868675,0.4086058270248472
0.7548756454892918,0.5452333990561661
0.6002335179455232,0.476891682265425
0.3594823255568868,0.5838596593481652
0.4287147866275261,0.640784905349722
0.5848919560129332,0.5998562470004726
0.45312034172078197,0.6955117670162462
0.5767776182101328,0.5846622355866687
0.6864300494955277,0.741329113193702
0.485351962534242,0.5561568475040948
0.4769683848336555,0.6462171476502901
0.6114651682021144,0.6431615809347393
0.5121641357286322,0.6489627274071288
0.5828121135123797,0.4444926391770755
0.4633990095086996,0.39381624322138437
0.6014150983525913,0.6575831718717695
0.6779805332989813,0.45402506543381077
0.7889833896786828,0.5543566642740249
0.447190739418624,0.5043928097754734
0.5862566114450897,0.5148352031449126
0.3128967903793015,0.7413427781379595
0.7313320452894588,0.497405512316168
0.34613438391039303,0.5031435410006166
0.43603917712284235,0.4442713159245635
0.6742225218101744,0.5698874638373667
0.6470062351966094,0.5934753890989646
0.6433638964169993,0.5482346653001834
0.6334086495211735,0.391975124067385
0.5082413176500304,0.46693747687181597
0.8938531482674895,0.8158471828996987
0.5145523319782404,0.48360442156987515
0.6307579802917582,0.5127712044526599
0.6652103260042255,0.44874018927689463
0.5892710672811609,0.7349825418532788
0.7827348118318798,0.41586687624790586
0.34881057414845257,0.6791583889719155
0.5390420262084383,0.39657406437697745
0.605877339437241,0.3787598315779339
0.7033121286807336,0.5264992341115448
0.461591788133032,0.6003856700137846
0.6386492338899429,0.5671006396357815
0.307092697659979,0.45221986482724924
0.714587372777796,0.44036843326950625
0.6712869574660438,0.5367582071238571
0.20499385671443915,0.5482105009617373
0.6991437425163822,0.5438122625769584
0.5315159813564105,0.48594201369067785
0.7140968456325872,0.4719606121857838
0.676031543610279,0.4212065089726486
0.5899343333397649,0.43176075179146406
0.5561335487322646,0.3056843759207003
0.44282222257192877,0.6503351583141045
0.5413833448733197,0.35943409908842017
0.5680372622461664,0.5300832961385248
0.3320334937583707,0.627568192562863
0.4758606906063353,0.2979653169627256
0.5297542512663383,0.7007743084005248
0.46280991228422363,0.510511211489342
0.3953674432731914,0.5330333148655155
0.7693067933223946,0.5717406757098715
0.6479301748225696,0.4286388161942493
0.663565779599903,0.47721033299418747
0.5111394290363941,0.5730150489733024
0.38867461785988394,0.5252847302194495
0.43307966917055196,0.7055804640152078
0.6024829047737457,0.40010339710420917
0.5070353008585667,0.5358499120026354
0.804441986012143,0.7684422288791923
0.685789689428265,0.3680152566127732
0.7659074960829027,0.5651265596917575
0.6374214835648655,0.6062502849117649
0.6323783259246704,0.5870258907203744
0.4832287936041807,0.6235279646501204
0.6134771905100458,0.513042303169878
0.6413399867386275,0.6556703653873687
0.5988575246710403,0.6575794284858023
0.5751303671815364,0.4704409699935363
0.30399135162542307,0.5928991643392699
0.5962575612783596,0.5952201029432794
0.5721157906322051,0.345382506027038
0.5389866791226225,0.4421237222596721
0.8769359037854407,0.39331474071414274
0.46226011182211096,0.4185166713193339
0.7528546441230483,0.433710307460237
0.5746901574772223,0.8529548304630694
0.650088699804572,0.24138684119888631
0.6548597936294243,0.6673618522659024
0.6708798131509449,0.5750646165408545
0.7453894697996022,0.4434392636574262
0.752227092810401,0.708654795461919
0.5331236847983455,0.43402052635550203
0.6545140059671614,0.432366531213887
0.5103394821991166,0.4673870466388382
0.5391979900209726,0.58639090376907
0.5098762376736451,0.32400925835447053
0.5485235450930758,0.6459212165073192
0.5451975631358528,0.6324706948348192
0.47064160503224783,0.4906104009489798
0.6578743924400656,0.4184517797124144
0.4055753523074748,0.59429011195546
0.8761116931490983,0.6271754706413757
0.5310404924033996,0.4807098836161937
0.5245088858638635,0.4736932186915454
0.3681736172365801,0.544931691556863
0.7110033282849817,0.5389869317162539
0.806211952846821,0.7836970834694789
0.5403549072732164,0.3771707729126333
0.5334365526511661,0.5133781786785265
0.594875108837152,0.5838918242152509
0.6230143228850832,0.596198261798078
0.6439629588795052,0.5648529604008502
0.676930709593021,0.5329927660180205
0.4386787027166691,0.5062650810666544
0.6905650263780186,0.47570562255505106
0.5852611086480624,0.3205446817904128
0.7376835194971058,0.5589817860703236
0.9738954345194031,0.5378215288754359
0.6224314937580174,0.41452549932355653
0.45778368306473205,0.42899202411892545
0.7459809607320584,0.5797935934239344
0.4904519961785176,0.5811226613567753
0.5713887861850627,0.38164466042805895
0.42091168089350256,0.7100356757167101
0.6479784524809463,0.5501028261809731
0.4389645962882393,0.6250934599948048
0.6275721938471154,0.7183580224442708
0.33753559227462454,0.6202825181809232
0.5513241171429158,0.6078478168728946
0.7574707297232107,0.6709910616804355
0.6785261360777219,0.4352645921261447
0.6569640066504335,0.425471262604279
0.6379407299963036,0.5357063416348595
0.3414530102185445,0.7543875337563114
0.4361912056949482,0.4994270020990383
0.5057186853297179,0.5503032827992083
0.7389193760883126,0.41854479020748947
0.5881095557461737,0.639728751005423
0.6546425874710001,0.666056258799796
0.29685335204863295,0.5355386599188413
0.6807804373522275,0.394564162753331
0.5275491337979246,0.4607466127377307
0.7723438207297637,0.7592881687512938
0.5872909567019152,0.2711994579479743
0.6893736435216425,0.7775944775584989
0.547449326409076,0.564009654326743
0.5128884193172787,0.3804817215456488
0.4741911341101424,0.651798612049784
0.5662879570275727,0.6125502970294425
0.6167179149688367,0.29937578712931173
0.5118932002279725,0.39599014766812657
0.815987749313147,0.5303866908704017
0.44463431238056517,0.3119809370213713
0.7845295133709967,0.9234725765831554
0.4783954170607356,0.5707080527507364
0.8591992116985929,0.6675906446391644
0.3801709999058347,0.4382204889324604
0.7536523869689143,0.4749495692796106
0.576162532065491,0.46234232941064857
0.7367044696812973,0.5018418581003705
0.6928572979057173,0.596485826391872
0.5785136495637625,0.6524790412147304
0.41809757216648025,0.5089666585113226
0.7636500685038387,0.5943133252634328
0.600216768102002,0.340292140136883
0.4344673355841321,0.2418564029947014
0.39440735531952914,0.4262460805485827
0.4794363496162463,0.6462001302141178
0.5603998929085828,0.3574951207734035
0.475387429945512,0.6870301077475477
0.8082503700847469,0.8057771311394287
0.6297446933885016,0.46012958671417836
0.6071757186202948,0.6836012100748973
0.4130823173450591,0.6739971674098836
0.5238839924136112,0.5529861434987849
0.36988886624385925,0.670229581032382
0.3891501439025257,0.5835796954050957
0.5555780329007363,0.4189337671302251
0.5313684994993538,0.4701386722856757
0.4364197588546019,0.5193501191684873
0.6575849947218205,0.5434802964192303
0.5448759713744322,0.5900957492605339
0.5889536191234931,0.5717511816072166
0.6053347053179614,0.6213722865564711
0.6300429734828765,0.4531072249485236
0.4059417351692316,0.47627713000563526
0.5136492087065276,0.578225439385954
0.5542952165075964,0.7126656810794928
0.8362693537620498,0.5525428275050817
0.4931946982098163,0.5935337687110923
0.6266425918819148,0.6344233036913447
0.44303112753975604,0.4594457894396057
0.6965363833783222,0.45993133329658115
0.4431913826811384,0.648055386671878
0.5568898338659442,0.8309287344786268
0.5905899295077517,0.5679868379404339
0.474584972822899,0.4966359783698117
0.5609278702476941,0.45837753382051877
0.3676823671539733,0.4578942671743197
0.5823109941305044,0.3327869998063315
0.5139718190584476,0.5693630874520587
0.6339968828646005,0.276793162443347
0.5680097983714024,0.6501250386734586
0.6372188988372547,0.5538323637255027
0.5246693442159963,0.541718227258789
0.30471429986415105,0.27534858242649296
0.6263089485556746,0.7060977404832338
0.5910393447379545,0.5281787542572456
0.5307008921600258,0.49094626983351963
0.7550439064461197,0.5590306935179744
0.6395506652577483,0.4869586378840216
0.7837675202390311,0.4838384607245778
0.6929628667508129,0.6541916779414367
1.0,0.6460738914725561
0.5394004848758103,0.4174995876708838
0.4441794085398112,0.5748668157862633
0.5406225136667184,0.6268776166707692
0.5520177326770274,0.33506473144661036
0.7990561049055138,0.3932678079213806
0.6223646330885123,0.4814782762515937
0.5986562154647249,0.49319230682079673
0.6418569000022095,0.3829267873303116
0.5639195562844896,0.6044991499407834
0.4666442420294987,0.675011589502997
0.4398610926181888,0.46722922872596095
0.4410564128723934,0.6609424561900754
0.7258963026110723,0.8802353035717225
0.5063645994458138,0.4573498112778848
0.7088109885850995,0.4262955107016328
0.5612464306856946,0.7653763549207254
0.5722971991320506,0.5806631999740013
0.7096523987329261,0.4999546199844665
0.47396425277887394,0.356502063100468
0.7029733857705237,0.3323191848531162
0.5267396812432138,0.24600145931656844
0.3346582585550683,0.6127185511997126
